ID,PageRank
87,0.03625544205615393
80,0.3447217486847737
32,0.02880932283196283
81,0.037527077722841036
185,0.004992004643168831
77,0.008329003017051908
213,0.00862342305938169
194,0.004992004643168831
21,0.004992004643168831
22,0.008065439919630827
160,0.008065439919630827
216,0.004992004643168831
150,0.006871398602175758
48,0.010688181874184997
170,0.012846886637280551
201,0.007197895767703071
116,0.011162484970968932
143,0.004992004643168831
38,0.0
124,0.009751160103524748
209,0.0
135,0.006677724827062754
105,0.00981746437683676
147,0.004992004643168831
5,0.0
31,0.0
20,0.004992004643168831
15,0.004992004643168831
221,0.004992004643168831
153,0.012510412699062435
86,0.01150318456073068
181,0.004992004643168831
196,0.00981746437683676
112,0.006871398602175758
90,0.004992004643168831
224,0.004992004643168831
100,0.004992004643168831
122,0.006186045960623899
56,0.004992004643168831
93,0.004992004643168831
50,0.004992004643168831
191,0.006186045960623899
9,0.004992004643168831
52,0.004992004643168831
203,0.004992004643168831
30,0.004992004643168831
91,0.004992004643168831
144,0.004992004643168831
199,0.004992004643168831
171,0.006186045960623899
113,0.004992004643168831
226,0.004992004643168831
193,0.004992004643168831
60,0.008677761147687658
152,0.004992004643168831
110,0.004992004643168831
179,0.004992004643168831
121,0.004992004643168831
169,0.004992004643168831
10,0.004992004643168831
186,0.004992004643168831
139,0.004992004643168831
73,0.004992004643168831
133,0.006186045960623899
37,0.004992004643168831
63,0.004992004643168831
94,0.008329003017051908
46,0.00685082460185141
127,0.0011940413174550688
180,0.011696858335843687
202,0.004992004643168831
85,0.0
163,0.0
183,0.0
101,0.004992004643168831
129,0.006871398602175758
125,0.0
55,0.0
53,0.0
118,0.0
109,0.0
119,0.0
187,0.001879393959006927
225,0.0
39,0.0
58,0.001879393959006927
177,0.0011940413174550688
137,0.001879393959006927
184,0.004992004643168831
106,0.003073435276461996
204,0.004992004643168831
24,0.0
145,0.010707176826475318
227,0.001879393959006927
40,0.004992004643168831
223,0.001879393959006927
97,0.0011940413174550688
200,0.0
70,0.0
117,0.001879393959006927
49,0.0
214,0.0
108,0.0
162,0.0
168,0.007523029724641024
72,0.0
173,0.0
167,0.0
190,0.0
4,0.0
211,0.0
165,0.0
148,0.0
131,0.0
141,0.0
120,0.0
210,0.001879393959006927
12,0.004992004643168831
157,0.0
57,0.002205891124534241
178,0.0
156,0.006186045960623899
107,0.0
35,0.0011940413174550688
140,0.0011940413174550688
174,0.004992004643168831
161,0.001879393959006927
75,0.0
208,0.0
146,0.0011940413174550688
16,0.008871434922800663
74,0.0
42,0.0
175,0.0
34,0.0
25,0.0
149,0.0
66,0.004992004643168831
142,0.0
41,0.006871398602175758
23,0.0016857201838939226
59,0.0011940413174550688
205,0.004992004643168831
88,0.0
14,0.0
182,0.0
115,0.0011940413174550688
99,0.0007175854364277991
128,0.0
198,0.0011940413174550688
197,0.0
19,0.005331483989745007
176,0.0
206,0.0
17,0.0
218,0.0
111,0.004992004643168831
192,0.0
102,0.0
123,0.0
98,0.0
95,0.0033369983738830776
65,0.0
47,0.0
103,0.0
7,0.0
219,0.0036314184162128597
134,0.0
11,0.0
132,0.0
89,0.0
172,0.0
44,0.0
220,0.0
138,0.004992004643168831
29,0.0
130,0.004992004643168831
54,0.0
92,0.0011940413174550688
45,0.004992004643168831
