ID,PageRank
87,0.024599938936187025
80,0.30659243161256455
32,0.021668020563915025
81,0.025501534607804584
185,0.004850114785594479
77,0.0071123899094566595
213,0.006806273226870382
194,0.004850114785594479
21,0.004850114785594479
22,0.006577012826726017
160,0.006577012826726017
216,0.004850114785594479
150,0.005864040885129583
48,0.008205177697995437
170,0.009271008043955337
201,0.0061139196189670545
116,0.00877187582648912
143,0.004850114785594479
38,0.0013253136432380638
124,0.007602020860606723
209,0.0013253136432380638
135,0.005875122819475185
105,0.007519245168466816
147,0.004850114785594479
5,0.0013253136432380638
31,0.0025899621952588754
20,0.004850114785594479
15,0.004850114785594479
221,0.004850114785594479
153,0.009275644008441088
86,0.009808901754368332
181,0.004850114785594479
196,0.007519245168466816
112,0.005864040885129583
90,0.004850114785594479
224,0.004850114785594479
100,0.004850114785594479
122,0.005563086727190913
56,0.004850114785594479
93,0.004850114785594479
50,0.004850114785594479
191,0.005563086727190913
9,0.004850114785594479
52,0.004850114785594479
203,0.004850114785594479
30,0.004850114785594479
91,0.004850114785594479
144,0.004850114785594479
199,0.004850114785594479
171,0.005563086727190913
113,0.004850114785594479
226,0.004850114785594479
193,0.004850114785594479
60,0.007417824016102275
152,0.004850114785594479
110,0.004850114785594479
179,0.004850114785594479
121,0.004850114785594479
169,0.004850114785594479
10,0.004850114785594479
186,0.004850114785594479
139,0.004850114785594479
73,0.004850114785594479
133,0.005563086727190913
37,0.004850114785594479
63,0.004850114785594479
94,0.0071123899094566595
46,0.006177224730173418
127,0.0020382855848344963
180,0.00853317126800192
202,0.004850114785594479
85,0.0013253136432380638
163,0.0013253136432380638
183,0.0013253136432380638
101,0.004850114785594479
129,0.005864040885129583
125,0.0013253136432380638
55,0.0025899621952588754
53,0.0013253136432380638
118,0.0013253136432380638
109,0.0025899621952588754
119,0.0013253136432380638
187,0.0023392397427731684
225,0.0013253136432380638
39,0.0013253136432380638
58,0.0023392397427731684
177,0.0020382855848344963
137,0.0023392397427731684
184,0.004850114785594479
106,0.003052211684369601
204,0.004850114785594479
24,0.0013253136432380638
145,0.008220741765294137
227,0.0023392397427731684
40,0.004850114785594479
223,0.0023392397427731684
97,0.0020382855848344963
200,0.0013253136432380638
70,0.0013253136432380638
117,0.0023392397427731684
49,0.0013253136432380638
214,0.0013253136432380638
108,0.0025899621952588754
162,0.0013253136432380638
168,0.005570284951767249
72,0.0013253136432380638
173,0.0013253136432380638
167,0.0025899621952588754
190,0.0013253136432380638
4,0.00195763791924847
211,0.00195763791924847
165,0.0013253136432380638
148,0.0013253136432380638
131,0.0013253136432380638
141,0.0013253136432380638
120,0.0013253136432380638
210,0.0023392397427731684
12,0.004850114785594479
157,0.0013253136432380638
57,0.0025891184766106408
178,0.0013253136432380638
156,0.005563086727190913
107,0.0013253136432380638
35,0.0020382855848344963
140,0.0020382855848344963
174,0.004850114785594479
161,0.0023392397427731684
75,0.0013253136432380638
208,0.00195763791924847
146,0.0020382855848344963
16,0.007406742081756673
74,0.00195763791924847
42,0.0013253136432380638
175,0.0013253136432380638
34,0.0013253136432380638
25,0.0013253136432380638
149,0.0013253136432380638
66,0.004850114785594479
142,0.0013253136432380638
41,0.005864040885129583
23,0.0023503216771187697
59,0.0020382855848344963
205,0.004850114785594479
88,0.0013253136432380638
14,0.0038546107472796874
182,0.0013253136432380638
115,0.0020382855848344963
99,0.0022978060134657154
128,0.0013253136432380638
198,0.0020382855848344963
197,0.0025899621952588754
19,0.0048591655559082
176,0.0013253136432380638
206,0.0013253136432380638
17,0.0038546107472796874
218,0.0013253136432380638
111,0.004850114785594479
192,0.0013253136432380638
102,0.0013253136432380638
123,0.0013253136432380638
98,0.0013253136432380638
95,0.0035875887671002445
65,0.0013253136432380638
47,0.0013253136432380638
103,0.0013253136432380638
7,0.0013253136432380638
219,0.0032814720845139663
134,0.0013253136432380638
11,0.0013253136432380638
132,0.0013253136432380638
89,0.0013253136432380638
172,0.0013253136432380638
44,0.0013253136432380638
220,0.0013253136432380638
138,0.004850114785594479
29,0.0013253136432380638
130,0.004850114785594479
54,0.0013253136432380638
92,0.0020382855848344963
45,0.004850114785594479
